-26 -49
95 -44
-32 -75
-47 -70
-15 -45
37 -91
-54 90
-72 -93
94 -49
4 -90
90 -6
80 -10
-5 94
-88 86
-41 -34
12 -67
-36 -14
-17 -67
58 -51
52 64
-78 -88
73 -43
96 62
62 27
-96 69
0 57
62 95
26 75
-9 96
-95 -83
-81 -6
-100 85
95 -87
-35 -6
-86 21
46 30
-57 80
45 40
-45 42
-43 -83
-2 -64
-29 -23
-34 16
37 91
45 -17
-25 -73
-80 -48
-61 -38
-52 -20
-83 -71
54 -29
10 -74
-55 86
-2 66
-42 40
-53 -55
-72 32
-79 -94
-81 -19
34 73
69 -72
-59 8
37 -12
30 67
-3 -74
-36 -68
-100 -45
-29 -62
-29 -47
-85 56
12 34
-71 -81
-13 -65
8 -33
42 38
84 76
-89 -61
-65 -66
-25 -23
17 15
13 72
20 47
82 39
79 69
24 30
-34 70
98 -44
-72 30
-10 -96
60 43
-58 97
-77 44
-87 -49
35 -66
-5 3
-1 -51
9 -38
-1 -70
23 -18
-53 91
