6 87
-98 -24
-6 -51
-31 44
11 -59
-5 -69
10 -34
43 60
-56 56
41 -53
-10 88
87 -77
35 88
5 49
29 -58
-63 -48
84 -81
-52 -13
-18 -94
17 -14
-94 30
76 90
6 -100
-99 69
-59 97
48 -55
-27 -75
67 6
-73 74
47 -54
88 -4
-41 34
52 81
-16 -90
-41 -70
27 -45
88 93
42 71
-53 -35
50 11
32 -67
-90 -58
-23 -98
-62 -42
-11 38
-13 -60
-2 -18
-97 -88
-85 82
13 -80
-1 -55
-98 97
82 -6
-45 73
31 94
-69 23
59 -85
-97 60
25 -17
97 56
7 40
-49 -7
96 69
78 -70
42 -62
-80 26
-58 -15
-41 -48
-59 -59
-27 -62
37 -77
33 78
-100 -63
-100 68
26 -53
55 -76
-33 29
92 3
-84 92
17 6
-54 -38
-53 -94
-5 -16
-55 1
-55 -55
46 74
32 -37
5 31
77 6
-17 -70
-83 64
17 90
-51 60
59 46
-49 91
-66 35
-41 -16
45 -26
-68 37
30 77
